1 12 71 carne 248.50 269.98
2 2 55 leite 109.45 0.00 11 79 chocolate 434.50 0.00 2 18 leite 35.82 0.00 6 42 arroz 310.80 0.00
2 12 68 carne 238.00 0.00 4 77 manteiga 615.23 0.00
2 8 58 cha 63.80 0.00 8 89 cha 97.90 0.00 9 71 bolacha 163.30 0.00 10 25 biscoito 85.00 0.00
1 4 78 manteiga 623.22 929.84 3 63 pao 1260.00 1316.52 5 60 cerveja 390.60 400.32
2 6 96 arroz 710.40 0.00 6 53 arroz 392.20 0.00 5 10 cerveja 65.10 0.00 12 51 carne 178.50 0.00
1 12 58 carne 203.00 253.42
1 4 23 manteiga 183.77 187.39 4 53 manteiga 423.47 494.57
1 1 79 cafe 276.50 286.57
2 8 31 cha 34.10 0.00
2 2 42 leite 83.58 0.00 1 44 cafe 154.00 0.00
1 12 27 carne 94.50 108.16 11 24 chocolate 132.00 145.53 5 99 cerveja 644.49 678.22 1 88 cafe 308.00 322.50
2 1 54 cafe 189.00 0.00 5 33 cerveja 214.83 0.00 2 64 leite 127.36 0.00 3 57 pao 1140.00 0.00
1 11 96 chocolate 528.00 599.45 3 74 pao 1480.00 1894.27 1 49 cafe 171.50 237.08 9 47 bolacha 108.10 155.09
1 4 22 manteiga 175.78 252.44 8 27 cha 29.70 36.03
2 2 77 leite 153.23 0.00 9 47 bolacha 108.10 0.00 7 74 feijao 754.80 0.00
1 9 75 bolacha 172.50 208.32
1 10 16 biscoito 54.40 65.32 9 50 bolacha 115.00 157.10 10 17 biscoito 57.80 78.91
1 8 79 cha 86.90 88.70
2 9 32 bolacha 73.60 0.00
1 11 52 chocolate 286.00 352.73 3 72 pao 1440.00 1502.31 2 65 leite 129.35 146.57
2 11 15 chocolate 82.50 0.00 4 10 manteiga 79.90 0.00 12 78 carne 273.00 0.00
2 1 56 cafe 196.00 0.00
1 10 65 biscoito 221.00 326.79 4 7 manteiga 55.93 56.85 8 34 cha 37.40 38.98 9 35 bolacha 80.50 102.70
2 12 74 carne 259.00 0.00 6 61 arroz 451.40 0.00
