1 5 74 cerveja 481.74 521.73 6 100 arroz 740.00 906.69
2 8 50 cha 55.00 0.00 11 45 chocolate 247.50 0.00 10 40 biscoito 136.00 0.00 10 58 biscoito 197.20 0.00
1 1 54 cafe 189.00 258.63 7 100 feijao 1020.00 1047.97 2 82 leite 163.18 172.92 6 8 arroz 59.20 67.65
1 9 67 bolacha 154.10 191.18 8 16 cha 17.60 22.15 6 12 arroz 88.80 93.82
2 9 65 bolacha 149.50 0.00 12 95 carne 332.50 0.00 4 48 manteiga 383.52 0.00 2 99 leite 197.01 0.00
1 6 33 arroz 244.20 263.59 11 35 chocolate 192.50 230.01 11 1 chocolate 5.50 7.90 6 69 arroz 510.60 609.52
1 3 98 pao 1960.00 2838.06 11 62 chocolate 341.00 403.13 3 8 pao 160.00 216.26 10 7 biscoito 23.80 33.07
2 10 14 biscoito 47.60 0.00
1 3 73 pao 1460.00 1823.47 12 15 carne 52.50 57.71
1 9 54 bolacha 124.20 168.73 1 28 cafe 98.00 117.76 3 59 pao 1180.00 1244.05 10 77 biscoito 261.80 318.78
2 4 88 manteiga 703.12 0.00 8 65 cha 71.50 0.00
2 4 15 manteiga 119.85 0.00 4 38 manteiga 303.62 0.00 5 81 cerveja 527.31 0.00
1 4 57 manteiga 455.43 673.46 7 28 feijao 285.60 360.75
2 4 9 manteiga 71.91 0.00
1 11 10 chocolate 55.00 56.49 7 12 feijao 122.40 156.69 5 11 cerveja 71.61 95.50 4 43 manteiga 343.57 474.94
2 2 59 leite 117.41 0.00 4 30 manteiga 239.70 0.00 9 68 bolacha 156.40 0.00
2 7 55 feijao 561.00 0.00 2 79 leite 157.21 0.00 12 88 carne 308.00 0.00 6 51 arroz 377.40 0.00
2 11 18 chocolate 99.00 0.00 1 75 cafe 262.50 0.00
2 8 53 cha 58.30 0.00
1 5 45 cerveja 292.95 391.68
2 10 15 biscoito 51.00 0.00 1 17 cafe 59.50 0.00 12 26 carne 91.00 0.00
1 10 72 biscoito 244.80 310.03 7 75 feijao 765.00 859.51 1 88 cafe 308.00 413.49 9 31 bolacha 71.30 73.25
2 1 66 cafe 231.00 0.00 9 86 bolacha 197.80 0.00
2 8 22 cha 24.20 0.00 11 82 chocolate 451.00 0.00 6 92 arroz 680.80 0.00 7 15 feijao 153.00 0.00
1 1 81 cafe 283.50 319.67
