1 1 29 cafe 101.50 132.98
1 10 43 biscoito 146.20 194.77 8 4 cha 4.40 5.06 11 53 chocolate 291.50 356.01
2 9 55 bolacha 126.50 0.00
1 12 47 carne 164.50 213.86
1 3 15 pao 300.00 304.22 1 67 cafe 234.50 318.66 1 73 cafe 255.50 289.33
1 1 82 cafe 287.00 367.04 4 39 manteiga 311.61 360.27 4 96 manteiga 767.04 912.18
2 5 17 cerveja 110.67 0.00
1 11 6 chocolate 33.00 34.54
2 7 75 feijao 765.00 0.00 1 40 cafe 140.00 0.00 6 14 arroz 103.60 0.00 12 30 carne 105.00 0.00
1 6 84 arroz 621.60 802.18
2 8 26 cha 28.60 0.00 12 66 carne 231.00 0.00
2 4 85 manteiga 679.15 0.00 11 19 chocolate 104.50 0.00 7 20 feijao 204.00 0.00 2 45 leite 89.55 0.00
2 9 3 bolacha 6.90 0.00 5 32 cerveja 208.32 0.00 4 9 manteiga 71.91 0.00 3 34 pao 680.00 0.00
1 2 58 leite 115.42 140.44 5 94 cerveja 611.94 637.34 4 13 manteiga 103.87 154.88
2 4 75 manteiga 599.25 0.00 11 38 chocolate 209.00 0.00 11 40 chocolate 220.00 0.00 3 72 pao 1440.00 0.00
2 7 5 feijao 51.00 0.00 3 47 pao 940.00 0.00 4 56 manteiga 447.44 0.00 1 50 cafe 175.00 0.00
2 2 5 leite 9.95 0.00 9 31 bolacha 71.30 0.00
1 6 5 arroz 37.00 38.22
1 3 38 pao 760.00 864.48 3 16 pao 320.00 404.35 12 94 carne 329.00 369.31
1 2 17 leite 33.83 34.93
1 4 64 manteiga 511.36 591.55
2 6 71 arroz 525.40 0.00 4 91 manteiga 727.09 0.00 4 50 manteiga 399.50 0.00 10 33 biscoito 112.20 0.00
1 2 53 leite 105.47 147.28 11 46 chocolate 253.00 321.64 7 47 feijao 479.40 502.79
2 12 95 carne 332.50 0.00
1 3 26 pao 520.00 680.88 9 97 bolacha 223.10 327.27 12 24 carne 84.00 97.23
