1 7 11 feijao 112.20 124.85 3 64 pao 1280.00 1883.70 5 76 cerveja 494.76 546.43 7 93 feijao 948.60 1027.48
2 8 78 cha 85.80 0.00 9 98 bolacha 225.40 0.00 2 85 leite 169.15 0.00
1 11 62 chocolate 341.00 366.37 8 50 cha 55.00 74.19
2 12 28 carne 98.00 0.00
2 11 47 chocolate 258.50 0.00
1 8 94 cha 103.40 126.18 5 29 cerveja 188.79 257.17
2 10 38 biscoito 129.20 0.00 6 47 arroz 347.80 0.00 3 68 pao 1360.00 0.00
1 4 69 manteiga 551.31 673.09
2 2 20 leite 39.80 0.00 12 42 carne 147.00 0.00 1 17 cafe 59.50 0.00 2 22 leite 43.78 0.00
2 4 92 manteiga 735.08 0.00 9 37 bolacha 85.10 0.00 1 96 cafe 336.00 0.00
1 7 63 feijao 642.60 688.64 6 38 arroz 281.20 379.56 7 9 feijao 91.80 95.23 7 50 feijao 510.00 598.62
1 9 4 bolacha 9.20 12.33 7 2 feijao 20.40 22.52
2 2 47 leite 93.53 0.00
2 4 70 manteiga 559.30 0.00 3 8 pao 160.00 0.00 2 10 leite 19.90 0.00
2 8 76 cha 83.60 0.00 9 79 bolacha 181.70 0.00 11 16 chocolate 88.00 0.00 5 18 cerveja 117.18 0.00
2 1 31 cafe 108.50 0.00 10 23 biscoito 78.20 0.00 5 92 cerveja 598.92 0.00
2 2 53 leite 105.47 0.00 2 69 leite 137.31 0.00 1 96 cafe 336.00 0.00 2 74 leite 147.26 0.00
2 9 8 bolacha 18.40 0.00
2 5 10 cerveja 65.10 0.00 9 7 bolacha 16.10 0.00
2 10 7 biscoito 23.80 0.00 9 96 bolacha 220.80 0.00 9 57 bolacha 131.10 0.00 8 50 cha 55.00 0.00
1 8 66 cha 72.60 94.54 8 83 cha 91.30 125.06 6 76 arroz 562.40 689.39
2 2 82 leite 163.18 0.00
1 7 76 feijao 775.20 805.41
1 11 51 chocolate 280.50 378.82 7 10 feijao 102.00 109.91 8 63 cha 69.30 89.08 10 42 biscoito 142.80 203.53
1 4 64 manteiga 511.36 732.02 11 77 chocolate 423.50 572.81
