2 1 27 cafe 94.50 0.00 7 68 feijao 693.60 0.00 6 67 arroz 495.80 0.00 12 86 carne 301.00 0.00
1 6 45 arroz 333.00 475.48 6 29 arroz 214.60 238.45 2 56 leite 111.44 164.62 10 83 biscoito 282.20 338.39
1 4 23 manteiga 183.77 269.02 8 49 cha 53.90 60.29
1 4 8 manteiga 63.92 64.93 11 75 chocolate 412.50 449.14 11 52 chocolate 286.00 304.13 8 48 cha 52.80 78.74
2 5 47 cerveja 305.97 0.00
2 2 11 leite 21.89 0.00 11 78 chocolate 429.00 0.00 4 82 manteiga 655.18 0.00 9 64 bolacha 147.20 0.00
2 12 83 carne 290.50 0.00 6 61 arroz 451.40 0.00 8 24 cha 26.40 0.00
2 12 32 carne 112.00 0.00
1 3 76 pao 1520.00 1989.11 3 94 pao 1880.00 1985.91
1 10 63 biscoito 214.20 278.87
1 5 27 cerveja 175.77 249.44 11 24 chocolate 132.00 160.02 7 71 feijao 724.20 774.04 10 18 biscoito 61.20 86.70
1 3 89 pao 1780.00 1966.10
2 2 3 leite 5.97 0.00 8 64 cha 70.40 0.00 8 57 cha 62.70 0.00
1 7 57 feijao 581.40 603.34 1 39 cafe 136.50 145.51
1 6 89 arroz 658.60 750.70
1 4 96 manteiga 767.04 1128.64 9 98 bolacha 225.40 308.37 3 28 pao 560.00 601.11 4 51 manteiga 407.49 544.02
2 12 87 carne 304.50 0.00 9 1 bolacha 2.30 0.00
2 12 15 carne 52.50 0.00
2 10 2 biscoito 6.80 0.00 9 81 bolacha 186.30 0.00 2 53 leite 105.47 0.00 3 24 pao 480.00 0.00
1 12 13 carne 45.50 49.73 9 64 bolacha 147.20 220.46 7 28 feijao 285.60 397.00
2 1 12 cafe 42.00 0.00 6 15 arroz 111.00 0.00 3 16 pao 320.00 0.00 11 49 chocolate 269.50 0.00
2 5 99 cerveja 644.49 0.00
2 6 53 arroz 392.20 0.00
2 1 31 cafe 108.50 0.00
2 7 59 feijao 601.80 0.00 10 56 biscoito 190.40 0.00 8 4 cha 4.40 0.00
