1 8 68 cha 74.80 86.78 12 80 carne 280.00 380.50 10 9 biscoito 30.60 44.29 5 81 cerveja 527.31 780.97
2 6 27 arroz 199.80 0.00
2 6 20 arroz 148.00 0.00 8 6 cha 6.60 0.00
2 1 37 cafe 129.50 0.00
2 4 86 manteiga 687.14 0.00 7 59 feijao 601.80 0.00 4 61 manteiga 487.39 0.00 8 84 cha 92.40 0.00
2 11 76 chocolate 418.00 0.00
2 6 55 arroz 407.00 0.00 3 91 pao 1820.00 0.00
1 6 64 arroz 473.60 481.41 2 35 leite 69.65 75.39 1 86 cafe 301.00 303.19 9 45 bolacha 103.50 142.77
2 2 51 leite 101.49 0.00 10 5 biscoito 17.00 0.00 4 97 manteiga 775.03 0.00 9 3 bolacha 6.90 0.00
1 9 82 bolacha 188.60 235.97 3 45 pao 900.00 1140.91
2 7 80 feijao 816.00 0.00 4 68 manteiga 543.32 0.00 6 42 arroz 310.80 0.00
1 11 85 chocolate 467.50 601.39 5 8 cerveja 52.08 57.95 5 53 cerveja 345.03 487.83 8 75 cha 82.50 86.99
1 4 95 manteiga 759.05 767.13 10 46 biscoito 156.40 210.07 4 77 manteiga 615.23 823.87 12 44 carne 154.00 189.81
1 5 88 cerveja 572.88 810.93
1 8 71 cha 78.10 100.76 3 35 pao 700.00 887.28 1 87 cafe 304.50 416.72 8 3 cha 3.30 3.67
1 9 81 bolacha 186.30 264.01
1 10 48 biscoito 163.20 222.93 9 57 bolacha 131.10 181.38 6 13 arroz 96.20 131.83 1 15 cafe 52.50 65.12
2 4 19 manteiga 151.81 0.00 11 35 chocolate 192.50 0.00
2 8 60 cha 66.00 0.00 8 80 cha 88.00 0.00 5 82 cerveja 533.82 0.00
2 3 43 pao 860.00 0.00 10 44 biscoito 149.60 0.00
2 5 41 cerveja 266.91 0.00 10 33 biscoito 112.20 0.00 10 11 biscoito 37.40 0.00 7 54 feijao 550.80 0.00
1 3 62 pao 1240.00 1668.99
1 2 75 leite 149.25 213.29 11 30 chocolate 165.00 182.43 1 79 cafe 276.50 363.17
1 9 67 bolacha 154.10 211.51 12 21 carne 73.50 78.96 9 98 bolacha 225.40 242.09
2 6 26 arroz 192.40 0.00 7 16 feijao 163.20 0.00 11 54 chocolate 297.00 0.00 12 29 carne 101.50 0.00
