1 7 99 feijao 1009.80 1177.42 3 49 pao 980.00 1340.11
1 1 26 cafe 91.00 116.91 3 50 pao 1000.00 1459.32 4 54 manteiga 431.46 570.49
1 9 59 bolacha 135.70 202.91 12 21 carne 73.50 84.25 5 13 cerveja 84.63 112.64
2 8 48 cha 52.80 0.00 4 86 manteiga 687.14 0.00 1 33 cafe 115.50 0.00
1 6 24 arroz 177.60 259.41 1 15 cafe 52.50 57.61
2 11 77 chocolate 423.50 0.00 12 32 carne 112.00 0.00 6 57 arroz 421.80 0.00
1 4 8 manteiga 63.92 80.22 8 35 cha 38.50 44.02
2 6 15 arroz 111.00 0.00 4 80 manteiga 639.20 0.00 3 28 pao 560.00 0.00 3 100 pao 2000.00 0.00
1 5 28 cerveja 182.28 202.59 10 17 biscoito 57.80 78.83 8 89 cha 97.90 107.02 11 97 chocolate 533.50 719.23
1 10 30 biscoito 102.00 116.42 7 44 feijao 448.80 518.79 2 23 leite 45.77 67.94
2 5 6 cerveja 39.06 0.00 4 94 manteiga 751.06 0.00 8 21 cha 23.10 0.00
1 10 48 biscoito 163.20 207.51 5 15 cerveja 97.65 111.59
1 5 18 cerveja 117.18 173.12
2 2 47 leite 93.53 0.00 4 59 manteiga 471.41 0.00 6 55 arroz 407.00 0.00 3 42 pao 840.00 0.00
1 5 26 cerveja 169.26 204.40
2 1 7 cafe 24.50 0.00 7 85 feijao 867.00 0.00 3 93 pao 1860.00 0.00
2 12 81 carne 283.50 0.00 1 85 cafe 297.50 0.00
1 9 55 bolacha 126.50 172.09 6 23 arroz 170.20 214.37
2 8 30 cha 33.00 0.00 2 70 leite 139.30 0.00 5 24 cerveja 156.24 0.00
1 10 7 biscoito 23.80 32.76 4 22 manteiga 175.78 245.60
2 6 22 arroz 162.80 0.00 8 30 cha 33.00 0.00
2 11 82 chocolate 451.00 0.00 9 98 bolacha 225.40 0.00 4 43 manteiga 343.57 0.00
1 10 83 biscoito 282.20 330.43 8 60 cha 66.00 92.18 9 83 bolacha 190.90 284.38
2 2 80 leite 159.20 0.00 11 23 chocolate 126.50 0.00
1 2 65 leite 129.35 189.69 9 77 bolacha 177.10 249.16
