2 3 32 pao 640.00 0.00 9 77 bolacha 177.10 0.00 6 8 arroz 59.20 0.00 1 24 cafe 84.00 0.00
1 2 38 leite 75.62 109.66 9 29 bolacha 66.70 82.99
2 8 78 cha 85.80 0.00 2 34 leite 67.66 0.00 6 95 arroz 703.00 0.00
2 8 96 cha 105.60 0.00 10 78 biscoito 265.20 0.00
1 10 39 biscoito 132.60 182.93 11 49 chocolate 269.50 391.38
1 4 89 manteiga 711.11 929.98
1 9 58 bolacha 133.40 152.50 7 97 feijao 989.40 1247.82 9 64 bolacha 147.20 161.27 3 59 pao 1180.00 1760.89
1 10 82 biscoito 278.80 395.25 11 71 chocolate 390.50 418.00 9 65 bolacha 149.50 206.18 5 95 cerveja 618.45 718.21
2 1 82 cafe 287.00 0.00 1 91 cafe 318.50 0.00 11 88 chocolate 484.00 0.00
2 5 42 cerveja 273.42 0.00 1 10 cafe 35.00 0.00 10 91 biscoito 309.40 0.00
2 12 69 carne 241.50 0.00 4 5 manteiga 39.95 0.00
1 7 41 feijao 418.20 550.81 9 45 bolacha 103.50 104.11 11 92 chocolate 506.00 606.02 2 71 leite 141.29 197.03
2 3 14 pao 280.00 0.00 3 47 pao 940.00 0.00 2 7 leite 13.93 0.00 1 27 cafe 94.50 0.00
2 6 52 arroz 384.80 0.00 12 92 carne 322.00 0.00 12 89 carne 311.50 0.00
2 5 92 cerveja 598.92 0.00 10 33 biscoito 112.20 0.00 4 99 manteiga 791.01 0.00 7 97 feijao 989.40 0.00
2 7 12 feijao 122.40 0.00 12 27 carne 94.50 0.00 5 31 cerveja 201.81 0.00
2 3 8 pao 160.00 0.00 5 97 cerveja 631.47 0.00
2 6 75 arroz 555.00 0.00 10 11 biscoito 37.40 0.00 2 93 leite 185.07 0.00 5 4 cerveja 26.04 0.00
1 6 34 arroz 251.60 290.80 5 58 cerveja 377.58 439.14 5 69 cerveja 449.19 474.34
1 6 60 arroz 444.00 466.97 11 65 chocolate 357.50 439.71 8 91 cha 100.10 118.40 10 1 biscoito 3.40 4.61
1 5 15 cerveja 97.65 125.81
2 6 91 arroz 673.40 0.00
1 11 81 chocolate 445.50 657.03 4 77 manteiga 615.23 698.25 11 35 chocolate 192.50 245.01
1 1 83 cafe 290.50 353.87
1 9 76 bolacha 174.80 213.58 12 72 carne 252.00 319.99
