1 3 28 pao 560.00 726.38
1 4 91 manteiga 727.09 934.56
1 10 71 biscoito 241.40 314.83 1 1 cafe 3.50 3.66 9 89 bolacha 204.70 229.63 11 53 chocolate 291.50 384.23
2 10 83 biscoito 282.20 0.00
1 12 79 carne 276.50 293.01 3 43 pao 860.00 1123.80 12 66 carne 231.00 260.22 12 40 carne 140.00 155.21
1 5 90 cerveja 585.90 657.22 6 66 arroz 488.40 598.64
2 11 54 chocolate 297.00 0.00 3 51 pao 1020.00 0.00 12 61 carne 213.50 0.00 3 39 pao 780.00 0.00
2 4 17 manteiga 135.83 0.00
2 6 42 arroz 310.80 0.00 12 42 carne 147.00 0.00 1 35 cafe 122.50 0.00 11 70 chocolate 385.00 0.00
1 5 31 cerveja 201.81 274.72 6 18 arroz 133.20 184.16 6 61 arroz 451.40 461.70
2 12 72 carne 252.00 0.00 2 19 leite 37.81 0.00
2 1 47 cafe 164.50 0.00 2 59 leite 117.41 0.00 4 74 manteiga 591.26 0.00 10 90 biscoito 306.00 0.00
2 5 19 cerveja 123.69 0.00
1 2 76 leite 151.24 199.57 7 84 feijao 856.80 1093.49 8 41 cha 45.10 49.50 9 36 bolacha 82.80 115.29
1 9 91 bolacha 209.30 296.78 1 98 cafe 343.00 489.67
2 7 5 feijao 51.00 0.00 11 69 chocolate 379.50 0.00 9 70 bolacha 161.00 0.00
2 1 65 cafe 227.50 0.00
1 1 95 cafe 332.50 348.86 4 50 manteiga 399.50 578.03 10 63 biscoito 214.20 215.09 10 19 biscoito 64.60 89.47
1 7 9 feijao 91.80 135.13 6 40 arroz 296.00 424.65 8 60 cha 66.00 93.49 1 33 cafe 115.50 166.39
1 10 75 biscoito 255.00 262.61
2 4 37 manteiga 295.63 0.00
2 12 6 carne 21.00 0.00 6 22 arroz 162.80 0.00
1 10 81 biscoito 275.40 317.56 9 93 bolacha 213.90 260.81 8 26 cha 28.60 32.11 4 3 manteiga 23.97 28.36
1 2 65 leite 129.35 164.20 10 24 biscoito 81.60 84.24 12 12 carne 42.00 61.64 3 17 pao 340.00 507.72
1 10 37 biscoito 125.80 152.87 7 17 feijao 173.40 237.26
