1 3 40 pao 800.00 995.99
1 8 21 cha 23.10 34.05 4 54 manteiga 431.46 519.17
1 7 5 feijao 51.00 74.12
1 4 70 manteiga 559.30 749.54 6 79 arroz 584.60 658.08
1 6 34 arroz 251.60 374.46
2 11 18 chocolate 99.00 0.00 5 27 cerveja 175.77 0.00
1 1 6 cafe 21.00 29.93 7 66 feijao 673.20 808.26 8 47 cha 51.70 76.01
1 6 88 arroz 651.20 833.13 1 39 cafe 136.50 163.62
1 10 69 biscoito 234.60 240.24 11 99 chocolate 544.50 662.52 2 31 leite 61.69 90.37 11 35 chocolate 192.50 228.52
2 3 74 pao 1480.00 0.00 5 73 cerveja 475.23 0.00 9 89 bolacha 204.70 0.00 7 76 feijao 775.20 0.00
1 2 71 leite 141.29 180.90 12 39 carne 136.50 178.05
2 5 3 cerveja 19.53 0.00
1 9 91 bolacha 209.30 266.87 12 66 carne 231.00 320.96
2 3 54 pao 1080.00 0.00 11 49 chocolate 269.50 0.00
1 11 52 chocolate 286.00 360.43 9 33 bolacha 75.90 88.26
2 4 92 manteiga 735.08 0.00 11 63 chocolate 346.50 0.00 8 67 cha 73.70 0.00
2 3 37 pao 740.00 0.00 12 7 carne 24.50 0.00 10 18 biscoito 61.20 0.00
2 10 72 biscoito 244.80 0.00 1 85 cafe 297.50 0.00 3 88 pao 1760.00 0.00 6 79 arroz 584.60 0.00
2 11 35 chocolate 192.50 0.00
2 6 26 arroz 192.40 0.00 7 90 feijao 918.00 0.00
2 6 66 arroz 488.40 0.00 5 27 cerveja 175.77 0.00 12 71 carne 248.50 0.00
1 7 40 feijao 408.00 466.01
2 10 50 biscoito 170.00 0.00 12 57 carne 199.50 0.00 2 78 leite 155.22 0.00 4 61 manteiga 487.39 0.00
2 11 42 chocolate 231.00 0.00 11 38 chocolate 209.00 0.00
1 7 66 feijao 673.20 716.79
