2 4 96 manteiga 767.04 0.00 11 48 chocolate 264.00 0.00
1 1 53 cafe 185.50 242.88 5 38 cerveja 247.38 342.49 5 86 cerveja 559.86 815.90 4 13 manteiga 103.87 147.52
2 3 59 pao 1180.00 0.00 2 38 leite 75.62 0.00 7 37 feijao 377.40 0.00 2 32 leite 63.68 0.00
2 2 1 leite 1.99 0.00 2 5 leite 9.95 0.00 6 94 arroz 695.60 0.00 2 79 leite 157.21 0.00
1 1 78 cafe 273.00 385.24 3 36 pao 720.00 757.77 8 26 cha 28.60 28.76 2 62 leite 123.38 144.06
1 4 98 manteiga 783.02 1064.55 5 50 cerveja 325.50 463.32
2 9 15 bolacha 34.50 0.00 3 61 pao 1220.00 0.00 7 45 feijao 459.00 0.00
1 12 93 carne 325.50 327.16 8 44 cha 48.40 54.61 3 45 pao 900.00 1188.69
2 6 44 arroz 325.60 0.00 10 8 biscoito 27.20 0.00 4 58 manteiga 463.42 0.00
2 8 67 cha 73.70 0.00 6 5 arroz 37.00 0.00 11 64 chocolate 352.00 0.00 10 56 biscoito 190.40 0.00
1 3 67 pao 1340.00 1357.56 3 47 pao 940.00 999.06 12 90 carne 315.00 433.47 1 49 cafe 171.50 228.01
2 12 7 carne 24.50 0.00 11 25 chocolate 137.50 0.00
2 1 42 cafe 147.00 0.00 11 15 chocolate 82.50 0.00
1 11 1 chocolate 5.50 8.14 11 95 chocolate 522.50 533.78 5 82 cerveja 533.82 659.69
1 5 10 cerveja 65.10 89.37 7 25 feijao 255.00 345.46
2 8 20 cha 22.00 0.00 5 61 cerveja 397.11 0.00 1 3 cafe 10.50 0.00
2 8 63 cha 69.30 0.00
1 3 28 pao 560.00 666.88
2 7 73 feijao 744.60 0.00 8 73 cha 80.30 0.00 5 32 cerveja 208.32 0.00 7 15 feijao 153.00 0.00
1 9 27 bolacha 62.10 81.59 3 64 pao 1280.00 1677.76 12 23 carne 80.50 108.08
2 4 63 manteiga 503.37 0.00 12 98 carne 343.00 0.00 6 71 arroz 525.40 0.00
2 6 10 arroz 74.00 0.00 2 36 leite 71.64 0.00 2 40 leite 79.60 0.00
2 8 89 cha 97.90 0.00 2 40 leite 79.60 0.00 9 47 bolacha 108.10 0.00
1 3 32 pao 640.00 887.45
1 1 78 cafe 273.00 323.42 7 47 feijao 479.40 492.46
