1 7 65 feijao 663.00 677.69
2 11 44 chocolate 242.00 0.00 4 62 manteiga 495.38 0.00
1 9 49 bolacha 112.70 150.60
1 7 66 feijao 673.20 704.22 10 3 biscoito 10.20 12.01 12 44 carne 154.00 204.42
1 3 41 pao 820.00 950.31 7 94 feijao 958.80 1178.34
2 5 96 cerveja 624.96 0.00
2 8 14 cha 15.40 0.00 5 6 cerveja 39.06 0.00
1 7 47 feijao 479.40 479.68
2 9 41 bolacha 94.30 0.00 9 22 bolacha 50.60 0.00 2 30 leite 59.70 0.00 11 35 chocolate 192.50 0.00
1 2 50 leite 99.50 124.75 11 98 chocolate 539.00 607.34 9 46 bolacha 105.80 141.37
2 8 45 cha 49.50 0.00 5 42 cerveja 273.42 0.00 5 34 cerveja 221.34 0.00 1 55 cafe 192.50 0.00
2 1 61 cafe 213.50 0.00 11 3 chocolate 16.50 0.00 12 5 carne 17.50 0.00 11 54 chocolate 297.00 0.00
1 9 68 bolacha 156.40 214.08 4 12 manteiga 95.88 105.15 12 5 carne 17.50 22.70
2 4 9 manteiga 71.91 0.00 5 22 cerveja 143.22 0.00
1 2 15 leite 29.85 44.16 10 91 biscoito 309.40 431.31
2 6 3 arroz 22.20 0.00
2 6 1 arroz 7.40 0.00 6 59 arroz 436.60 0.00 2 59 leite 117.41 0.00 12 14 carne 49.00 0.00
2 8 55 cha 60.50 0.00 5 8 cerveja 52.08 0.00 1 65 cafe 227.50 0.00
1 8 66 cha 72.60 72.85 6 13 arroz 96.20 134.82
1 2 40 leite 79.60 96.86
2 10 62 biscoito 210.80 0.00 11 43 chocolate 236.50 0.00
1 6 16 arroz 118.40 149.41 2 25 leite 49.75 67.34
2 12 28 carne 98.00 0.00 5 100 cerveja 651.00 0.00 2 39 leite 77.61 0.00 2 4 leite 7.96 0.00
1 7 78 feijao 795.60 822.73 11 25 chocolate 137.50 152.88 10 45 biscoito 153.00 192.96 3 12 pao 240.00 245.54
2 5 50 cerveja 325.50 0.00 8 77 cha 84.70 0.00 5 76 cerveja 494.76 0.00 6 14 arroz 103.60 0.00
