2 7 91 feijao 928.20 0.00 4 16 manteiga 127.84 0.00 11 43 chocolate 236.50 0.00 4 95 manteiga 759.05 0.00
2 4 8 manteiga 63.92 0.00 10 14 biscoito 47.60 0.00 7 42 feijao 428.40 0.00 7 56 feijao 571.20 0.00
2 3 2 pao 40.00 0.00
2 2 77 leite 153.23 0.00 4 59 manteiga 471.41 0.00 6 47 arroz 347.80 0.00 8 38 cha 41.80 0.00
1 1 28 cafe 98.00 116.15
2 8 33 cha 36.30 0.00 7 28 feijao 285.60 0.00
1 5 3 cerveja 19.53 21.35 4 48 manteiga 383.52 445.40 10 52 biscoito 176.80 185.79
2 9 21 bolacha 48.30 0.00
2 11 62 chocolate 341.00 0.00 2 72 leite 143.28 0.00
2 4 28 manteiga 223.72 0.00 8 55 cha 60.50 0.00 6 32 arroz 236.80 0.00
1 10 60 biscoito 204.00 240.58 1 42 cafe 147.00 196.50 1 70 cafe 245.00 269.22
2 8 18 cha 19.80 0.00 6 56 arroz 414.40 0.00 1 31 cafe 108.50 0.00
1 11 8 chocolate 44.00 49.68 6 1 arroz 7.40 7.82
2 2 81 leite 161.19 0.00
2 6 83 arroz 614.20 0.00
1 12 46 carne 161.00 236.35
2 5 17 cerveja 110.67 0.00 9 47 bolacha 108.10 0.00
1 6 60 arroz 444.00 625.20 11 60 chocolate 330.00 483.58 10 48 biscoito 163.20 236.57 6 96 arroz 710.40 790.70
2 10 54 biscoito 183.60 0.00
2 12 33 carne 115.50 0.00 1 85 cafe 297.50 0.00
2 5 8 cerveja 52.08 0.00 8 45 cha 49.50 0.00
2 9 63 bolacha 144.90 0.00 5 29 cerveja 188.79 0.00 8 72 cha 79.20 0.00 4 50 manteiga 399.50 0.00
2 7 10 feijao 102.00 0.00 5 46 cerveja 299.46 0.00 7 95 feijao 969.00 0.00
1 11 34 chocolate 187.00 262.25 8 31 cha 34.10 43.06 8 46 cha 50.60 63.54
2 5 75 cerveja 488.25 0.00 4 50 manteiga 399.50 0.00
