1 1 35 cafe 122.50 164.77 8 95 cha 104.50 147.30 8 81 cha 89.10 114.31 12 39 carne 136.50 155.55
2 1 25 cafe 87.50 0.00 3 17 pao 340.00 0.00 1 100 cafe 350.00 0.00 9 27 bolacha 62.10 0.00
2 8 5 cha 5.50 0.00 9 39 bolacha 89.70 0.00 8 86 cha 94.60 0.00 7 66 feijao 673.20 0.00
1 3 68 pao 1360.00 1482.24
1 10 73 biscoito 248.20 298.13
1 8 62 cha 68.20 83.91
2 5 14 cerveja 91.14 0.00 5 8 cerveja 52.08 0.00 11 83 chocolate 456.50 0.00
2 1 78 cafe 273.00 0.00 11 86 chocolate 473.00 0.00 10 65 biscoito 221.00 0.00
2 8 34 cha 37.40 0.00 8 46 cha 50.60 0.00 1 83 cafe 290.50 0.00
1 5 85 cerveja 553.35 782.20 11 59 chocolate 324.50 368.81 4 71 manteiga 567.29 682.87 4 100 manteiga 799.00 1117.00
2 2 44 leite 87.56 0.00
2 11 95 chocolate 522.50 0.00
2 12 81 carne 283.50 0.00 2 63 leite 125.37 0.00 6 55 arroz 407.00 0.00
1 9 78 bolacha 179.40 208.91
1 12 74 carne 259.00 308.05
2 3 57 pao 1140.00 0.00 6 25 arroz 185.00 0.00
1 10 39 biscoito 132.60 175.41 11 1 chocolate 5.50 6.79 5 59 cerveja 384.09 488.83
2 1 4 cafe 14.00 0.00
2 8 6 cha 6.60 0.00 9 79 bolacha 181.70 0.00 3 77 pao 1540.00 0.00 5 74 cerveja 481.74 0.00
1 8 79 cha 86.90 127.20 1 5 cafe 17.50 18.87
2 6 40 arroz 296.00 0.00
2 12 67 carne 234.50 0.00 7 94 feijao 958.80 0.00 2 46 leite 91.54 0.00 6 8 arroz 59.20 0.00
2 2 27 leite 53.73 0.00 7 90 feijao 918.00 0.00 11 30 chocolate 165.00 0.00 10 30 biscoito 102.00 0.00
2 3 9 pao 180.00 0.00
2 1 4 cafe 14.00 0.00 3 34 pao 680.00 0.00 2 67 leite 133.33 0.00
