2 5 59 cerveja 384.09 0.00
1 8 15 cha 16.50 21.72
1 9 38 bolacha 87.40 118.74
2 1 100 cafe 350.00 0.00 6 75 arroz 555.00 0.00 6 94 arroz 695.60 0.00
1 3 1 pao 20.00 27.08 12 61 carne 213.50 312.36 10 99 biscoito 336.60 413.54
2 10 81 biscoito 275.40 0.00 6 77 arroz 569.80 0.00
2 6 69 arroz 510.60 0.00 12 66 carne 231.00 0.00 7 67 feijao 683.40 0.00 7 53 feijao 540.60 0.00
1 8 76 cha 83.60 112.44 7 9 feijao 91.80 135.28
2 10 75 biscoito 255.00 0.00 12 64 carne 224.00 0.00 4 56 manteiga 447.44 0.00
1 8 29 cha 31.90 42.34 5 87 cerveja 566.37 576.59 3 61 pao 1220.00 1331.41 7 14 feijao 142.80 160.24
1 7 41 feijao 418.20 595.63
1 8 92 cha 101.20 105.95 10 72 biscoito 244.80 307.85 8 27 cha 29.70 44.12
1 3 100 pao 2000.00 2811.32 11 24 chocolate 132.00 194.34 6 38 arroz 281.20 333.68
2 3 38 pao 760.00 0.00
1 7 96 feijao 979.20 1130.25 5 71 cerveja 462.21 685.79 2 52 leite 103.48 125.34 6 71 arroz 525.40 693.61
1 5 27 cerveja 175.77 208.67 12 77 carne 269.50 348.09 4 87 manteiga 695.13 836.79
1 12 59 carne 206.50 249.42 10 6 biscoito 20.40 29.00 8 1 cha 1.10 1.18 1 72 cafe 252.00 266.95
2 7 31 feijao 316.20 0.00 1 99 cafe 346.50 0.00 10 77 biscoito 261.80 0.00
1 4 72 manteiga 575.28 812.06
1 2 90 leite 179.10 224.74
1 4 19 manteiga 151.81 215.16 9 60 bolacha 138.00 182.43 4 67 manteiga 535.33 580.94
2 1 91 cafe 318.50 0.00
1 11 7 chocolate 38.50 55.00 11 12 chocolate 66.00 73.01 2 54 leite 107.46 159.86
2 6 53 arroz 392.20 0.00 12 44 carne 154.00 0.00 6 88 arroz 651.20 0.00 3 55 pao 1100.00 0.00
2 10 70 biscoito 238.00 0.00
