1 1 58 cafe 203.00 218.03
1 9 92 bolacha 211.60 247.90 4 62 manteiga 495.38 502.17
1 9 78 bolacha 179.40 254.39 12 88 carne 308.00 310.87 5 13 cerveja 84.63 96.47
2 9 23 bolacha 52.90 0.00 10 44 biscoito 149.60 0.00 6 28 arroz 207.20 0.00
2 10 96 biscoito 326.40 0.00 11 99 chocolate 544.50 0.00 4 95 manteiga 759.05 0.00 5 24 cerveja 156.24 0.00
2 1 92 cafe 322.00 0.00 1 82 cafe 287.00 0.00 1 56 cafe 196.00 0.00 2 99 leite 197.01 0.00
2 2 23 leite 45.77 0.00 12 18 carne 63.00 0.00
2 5 22 cerveja 143.22 0.00 3 38 pao 760.00 0.00 11 33 chocolate 181.50 0.00 3 77 pao 1540.00 0.00
1 10 80 biscoito 272.00 341.72 8 29 cha 31.90 39.86
1 12 59 carne 206.50 300.12 1 22 cafe 77.00 109.94 9 43 bolacha 98.90 104.08 1 64 cafe 224.00 258.63
2 6 46 arroz 340.40 0.00
1 6 95 arroz 703.00 1041.37
1 2 39 leite 77.61 91.12 7 5 feijao 51.00 76.31 10 48 biscoito 163.20 229.98 12 1 carne 3.50 5.22
2 2 56 leite 111.44 0.00
1 1 50 cafe 175.00 250.29 6 87 arroz 643.80 726.88 6 52 arroz 384.80 545.69 1 26 cafe 91.00 103.81
2 4 52 manteiga 415.48 0.00 4 90 manteiga 719.10 0.00 9 97 bolacha 223.10 0.00 8 46 cha 50.60 0.00
1 9 85 bolacha 195.50 213.59 9 86 bolacha 197.80 202.30
2 9 56 bolacha 128.80 0.00 10 12 biscoito 40.80 0.00 7 25 feijao 255.00 0.00 2 29 leite 57.71 0.00
1 1 86 cafe 301.00 345.45 11 41 chocolate 225.50 275.73
2 12 26 carne 91.00 0.00
1 3 18 pao 360.00 401.21 6 95 arroz 703.00 951.08
1 6 52 arroz 384.80 395.16 10 19 biscoito 64.60 67.98 6 4 arroz 29.60 41.11 7 8 feijao 81.60 117.95
2 1 19 cafe 66.50 0.00 5 34 cerveja 221.34 0.00 6 82 arroz 606.80 0.00
2 2 53 leite 105.47 0.00 4 53 manteiga 423.47 0.00 1 5 cafe 17.50 0.00 3 75 pao 1500.00 0.00
2 1 15 cafe 52.50 0.00 2 70 leite 139.30 0.00
